1 67.054591 -30.141868 5.992959 -11.317258 -5.260047 -5.547059 -0.236443 -6.443187 27.859612 -15.500386 -15.223949 -11.236963
1 38.084559 -36.985498 4.021892 -5.681769 -5.159414 -8.989734 6.725439 13.967286 1.399458 0.790902 -1.693219 -6.479899
1 62.630167 -26.149052 10.349836 -20.138192 -18.427767 10.172663 3.450439 4.119332 9.994428 -17.089025 -9.385738 -9.527087
1 52.193284 -21.362785 17.644481 -23.616047 -17.696101 11.024401 8.953505 2.776326 8.683534 -18.156333 -10.900908 -9.543355
1 28.623660 -16.036580 9.104731 -19.274104 -17.620397 14.050354 19.495101 7.119606 2.664503 -10.840327 -6.615879 -10.670666
1 61.487812 -36.337992 -4.522055 -11.108526 -21.576141 5.010532 2.337961 5.855448 5.391441 -3.532297 4.837280 -7.843460
1 72.233028 -37.900760 1.954652 -10.104494 -7.240121 7.363859 0.591029 3.757578 7.101843 -12.414996 -10.692504 -14.649114
6 -7.017034 -29.451428 9.146120 15.876286 1.406010 36.641429 16.120076 -35.138840 24.346117 -33.798263 11.510851 -9.641322
1 57.912892 -32.676979 -15.297956 -9.304983 -15.579236 12.933226 12.154554 4.677529 12.651625 2.496582 -23.615913 -6.351338
1 70.067969 -33.662643 10.736563 -9.768880 -3.841414 10.575041 -1.121541 -9.130871 10.419641 -20.028810 -7.755498 -16.489554
1 72.244310 -37.330190 5.102470 -12.292991 -12.435788 -2.774716 7.671271 6.638247 8.490937 -14.932131 -8.392412 -11.989006
9 -7.505321 -14.410677 -3.400483 -12.420791 4.168890 4.585747 -3.696418 5.765646 68.374898 -22.379161 -14.113121 -4.969208
8 13.847063 -11.831462 -33.933536 -16.184841 15.972134 11.216678 16.486301 36.212643 -14.073208 5.199916 -2.147004 -20.764681
2 -23.415609 105.929818 -31.411977 5.844563 6.308844 -6.508899 -8.664397 5.115891 -38.625259 6.052932 6.004267 -26.630173
2 -21.233297 104.854039 -32.981999 6.271846 6.741041 -3.311148 -12.722851 1.766856 -34.692884 6.517734 4.125361 -25.334696
2 -26.069559 108.403484 -18.908106 8.957500 -5.345307 3.810930 -4.005109 -4.452646 -63.071360 6.088861 8.854265 -14.262949
2 -24.357949 110.802170 -28.589897 8.680386 10.336857 -3.500043 -14.330747 -0.700362 -51.586000 11.226664 3.737677 -21.718753
2 -25.540877 113.321917 -23.011317 2.908278 7.718718 -12.410002 -8.369459 4.878684 -51.797954 9.983593 1.089057 -18.770634
2 -21.896112 110.917102 -21.977776 10.643098 3.706899 -9.713761 -8.929691 6.609756 -58.894260 8.520665 -0.465889 -18.520026
2 -22.379936 118.408500 -24.714267 5.589813 4.044790 -6.016406 -8.434242 -1.202055 -57.085657 7.826865 3.875836 -19.913238
2 -19.709813 116.222115 -26.126337 16.166130 8.327226 3.763682 -12.593054 -6.676277 -50.245089 -1.919376 -3.981276 -23.227928
2 -28.891033 106.705641 -22.986435 8.192911 -4.839359 5.261035 -0.772537 -1.604324 -65.397133 9.626852 9.154629 -14.450245
2 -25.554106 111.385926 -20.620937 10.246447 -2.015847 1.842791 -7.910126 -3.101018 -60.009771 8.105285 4.649120 -17.017761
2 -18.773650 114.114859 -29.121696 6.972599 5.695188 -12.244366 -8.502819 5.992927 -55.259966 10.661325 1.914761 -21.449159
2 -17.766167 109.469149 -23.141368 9.452635 1.689703 -9.212834 -10.785645 5.466911 -60.161832 9.738220 1.348992 -16.097762
9 11.068891 -37.459196 21.491354 -5.416627 8.051351 1.116322 1.638688 17.264217 32.754927 -19.619084 -4.538840 -26.352000
3 1.232574 -27.015395 83.921356 -23.636074 -10.421484 0.794734 1.146425 0.937599 1.033964 -11.707094 -4.125547 -12.161057
3 8.260954 -33.150184 71.274870 -16.307694 0.718609 -9.848261 8.954637 9.333184 9.033832 -18.666211 -7.435138 -22.168595
3 2.308167 -31.796505 88.825410 -16.930270 -6.149139 -2.917735 0.710309 3.409497 3.108102 -16.137389 -2.160441 -22.270004
3 1.825693 -23.034314 60.052373 -19.672542 -18.999598 8.157057 2.182174 8.511820 8.324238 -14.767524 0.425940 -13.005317
3 -9.502785 -36.646459 90.945613 4.614738 -0.990125 15.158461 -1.047861 -34.718762 18.841972 -17.360743 -2.242563 -27.051484
3 -2.646062 -29.821427 104.218596 -15.580314 -1.759781 -4.796694 4.029277 -9.469851 3.908135 -15.422556 -12.866049 -19.793273
3 11.051990 -34.846181 66.464648 -21.912365 0.866697 -6.569755 8.976577 4.609462 11.174831 -12.961448 -12.846739 -14.007714
3 5.444133 -40.845894 93.297509 -5.912552 -3.550795 5.297950 1.748572 -17.684939 5.243080 -14.616701 -10.065590 -18.354771
3 -9.874830 -24.006007 105.853599 -13.367019 -5.408368 5.844855 -11.701491 -5.182228 5.064169 -15.191806 -6.912958 -25.117914
3 0.947351 -33.704094 101.167154 -25.886806 -2.777569 0.336275 -0.598529 1.021023 -9.604309 -10.199327 -4.191619 -16.509545
9 -2.656002 -25.024348 27.084833 -15.655749 -1.031115 20.375633 -0.684405 2.937516 41.471114 -16.916593 -17.639304 -12.261578
4 -20.860819 6.734516 -13.156812 107.049930 7.193295 -13.152453 -13.441777 -40.140751 5.782391 -9.821592 -7.945909 -8.240017
4 -17.680896 4.887624 -22.118528 108.656757 2.410671 -36.671096 -14.011499 -24.053507 -3.237050 -1.008328 -1.999888 4.825743
4 -18.581284 7.876820 -17.443505 107.967560 6.551775 -20.691125 -18.680867 -29.912712 -5.431422 -3.435803 -5.113349 -3.106085
4 -16.539953 3.729161 -18.492414 118.327705 0.675404 -33.277402 -16.987834 -29.702916 -3.044307 -4.637017 -4.542607 4.492183
4 -7.592922 -7.483158 -33.758643 96.682443 -2.857431 -1.149927 2.808014 -37.624091 -2.119443 -1.609433 -4.052657 -1.242750
4 -17.216441 -3.638338 -13.438874 107.366997 7.404687 -17.155271 -18.847717 -32.991424 -15.493372 1.330895 -4.413911 7.092772
4 -17.021609 3.530866 -15.078455 123.200283 -8.942351 -10.158033 -8.222285 -39.917651 2.649967 -13.452942 -8.971397 -7.616392
4 -13.608598 -3.180629 -26.309455 105.204650 -4.147444 -22.407662 -11.123630 -23.268801 -15.717527 5.474783 3.509964 5.574350
4 -14.028259 -3.031768 -13.900744 114.803059 -4.390317 -11.643937 -17.637978 -38.995341 -6.581546 -6.925491 -12.537542 14.869866
4 -19.622861 -1.939930 -11.523919 109.750433 3.976839 -22.715526 -25.050444 -27.270955 -7.801703 2.767452 -10.754168 10.184784
4 -20.020387 3.960347 -2.355921 104.344056 4.610666 1.655093 -31.131375 -35.777178 4.713364 -18.243996 -13.652716 1.898049
4 -17.829639 -1.434023 -13.371675 111.961282 2.000135 -24.773283 -21.324305 -23.825626 -7.656497 3.891293 -10.203998 2.566339
4 -14.892243 0.592433 -13.344111 113.717919 4.476526 -19.127817 -17.101867 -36.468564 -15.812668 -4.466362 -5.320073 7.746829
4 -15.291751 -0.066403 -14.889559 116.920729 5.003986 -22.314990 -14.758198 -38.450731 -10.829868 -3.479845 -4.279709 2.436343
4 -16.442396 4.791243 -6.043869 104.991900 5.228807 -10.917833 -24.755827 -31.173398 -13.940955 -2.883538 -13.541980 4.687849
4 -19.903394 -3.872921 -22.846156 118.153506 2.918853 -32.177461 -13.209340 -27.394100 -2.617454 -1.727443 0.042860 2.633052
4 -13.656574 -0.588799 -9.609750 99.937646 0.041770 0.771968 -12.209535 -23.293208 -29.036745 -12.550223 0.476134 -0.282683
4 -18.638371 7.134536 -8.649618 107.124376 7.086039 -12.462593 -19.485662 -38.176057 -6.706221 -6.074375 -10.324334 -0.827717
4 -15.325855 3.785880 -26.080655 103.901858 4.080749 -36.557479 -11.436931 -18.069325 -7.496416 -0.442095 3.763924 -0.123654
4 -15.696563 0.851407 -30.711803 107.929906 -0.365218 -32.650614 -12.377047 -22.269412 -2.250627 -3.239325 6.244391 4.534907
4 -20.790895 3.730584 -26.875557 104.627774 5.007508 -32.818207 -6.638771 -26.605002 3.173626 -7.737447 -0.172033 5.098423
5 -16.609711 -9.148675 3.271618 -4.401784 118.671037 -53.314395 -22.577106 -14.831545 -11.783813 4.504050 5.470449 0.749877
5 -17.090962 -8.144115 4.177895 -1.373743 112.625445 -51.204780 -29.859212 -17.091870 -7.792209 1.957741 4.951122 8.844693
5 -18.026760 -15.514136 -0.235672 -0.778067 115.569197 -40.244046 -18.541215 -18.173836 -14.367253 -0.080850 15.050940 -4.658300
5 -13.695124 -14.596453 -4.318802 -0.632205 115.451609 -36.953682 -17.593458 -24.275025 -8.949520 -2.201444 14.728345 -6.964239
5 -17.402707 -11.969530 2.845103 -1.760412 118.230535 -48.389734 -22.019415 -13.089716 -16.475767 2.319420 11.182589 -3.470365
5 -14.789518 -16.594492 6.359810 -2.064219 107.938845 -40.800102 -29.740416 -13.926377 -21.339084 10.784942 3.974912 10.195702
5 -12.629217 -16.190934 2.704861 -2.486779 109.509314 -45.000077 -29.852546 -12.904084 -15.691994 9.503430 3.519899 9.518129
5 -23.596658 8.493189 -2.010439 7.991965 106.804832 -36.435599 -14.840381 -7.087784 -22.156747 -5.939915 5.046302 -16.268762
5 -16.222509 -9.373571 3.020582 -0.407110 113.423135 -47.829046 -24.746105 -13.400963 -17.434237 5.093478 2.303856 5.572492
5 -20.768885 -1.740512 3.848134 5.247275 105.401700 -42.680306 -24.168563 -5.825340 -22.406840 5.621390 2.494609 -5.022659
5 -6.875502 -16.843001 4.032644 -14.395307 90.412691 -29.779344 -41.517484 -16.793935 -17.423505 19.968571 -1.357025 30.571199
5 -9.543421 -8.675843 -5.999296 7.735453 107.763103 -32.479376 -14.883569 -28.344232 -12.402825 -9.953632 7.523455 -0.739815
5 -16.941906 -12.020365 0.380193 -0.584690 110.350189 -44.614328 -30.453438 -21.629639 -4.194057 5.092878 4.979703 9.635462
5 -18.377655 -2.919883 4.165628 -0.119205 114.676963 -46.868903 -22.379408 -9.873969 -18.228005 -0.013830 3.755068 -3.816798
6 4.117614 -21.898382 -25.643673 2.061907 -23.581395 105.964958 5.317280 5.779459 -9.873991 -10.485208 -15.027065 -16.731501
6 -0.383651 -21.112094 -11.991611 -3.880799 -17.825792 105.823811 -8.330249 5.894334 5.585132 -29.781989 -11.622332 -12.374758
6 -1.051234 -19.357213 -9.078912 -4.703335 -15.625685 106.795388 -13.223121 6.713173 0.234640 -28.304472 -10.838147 -11.561078
6 -8.571490 -16.276600 -18.941310 4.464023 -28.633013 105.646180 1.286603 5.112066 3.072239 -35.109240 -6.625660 -5.423795
6 4.117614 -21.898382 -25.643673 2.061907 -23.581395 105.964958 5.317280 5.779459 -9.873991 -10.485208 -15.027065 -16.731501
6 -8.571490 -16.276600 -18.941310 4.464023 -28.633013 105.646180 1.286603 5.112066 3.072239 -35.109240 -6.625660 -5.423795
6 4.117614 -21.898382 -25.643673 2.061907 -23.581395 105.964958 5.317280 5.779459 -9.873991 -10.485208 -15.027065 -16.731501
6 -0.383651 -21.112094 -11.991611 -3.880799 -17.825792 105.823811 -8.330249 5.894334 5.585132 -29.781989 -11.622332 -12.374758
6 -0.022465 -23.498258 -3.927177 -8.442146 -15.832508 102.866660 -6.466022 2.882059 2.853824 -26.710833 -13.292370 -10.410762
6 1.642337 -14.766287 -25.185637 -5.728535 -24.832371 102.093508 1.958592 -10.440631 -14.225603 -4.569711 -6.133265 0.187604
6 3.096973 -6.873417 -12.214624 -16.251255 -32.114759 104.812761 3.181975 5.066083 -19.763916 -5.630442 -7.435645 -15.873733
6 1.377380 -8.486808 -20.680228 -15.925476 -23.600480 111.070780 -4.340412 9.801400 -16.885736 -9.769287 -10.280613 -12.280518
6 -11.750135 -14.495752 -18.961167 4.265230 -35.158339 104.962086 3.848712 4.642888 4.772755 -32.510456 -6.067511 -3.548310
6 -8.698586 -19.749197 -9.560171 -1.497216 -17.790825 105.737139 -10.006480 5.670762 4.797379 -29.064376 -13.345593 -6.492833
6 5.370273 -13.084675 -22.249023 -12.926855 -25.757928 110.632126 6.370315 6.344354 -14.281645 -10.851521 -19.642377 -9.923043
6 -8.571490 -16.276600 -18.941310 4.464023 -28.633013 105.646180 1.286603 5.112066 3.072239 -35.109240 -6.625660 -5.423795
6 -8.571490 -16.276600 -18.941310 4.464023 -28.633013 105.646180 1.286603 5.112066 3.072239 -35.109240 -6.625660 -5.423795
6 -22.674201 -4.800929 3.970134 -7.391124 -29.562620 105.692432 5.462332 5.590315 -20.767557 -7.746115 -1.971811 -25.800854
6 0.217043 -6.194864 -5.593049 -15.417585 -29.465642 106.114537 5.945748 6.131262 -26.663575 -6.840982 -4.543992 -23.688899
6 -0.212030 -1.304406 -17.502392 -9.334382 -6.068235 100.097379 -0.360253 -12.844232 -35.302926 -16.218274 -0.395614 -0.554634
6 9.662894 -8.543248 -35.614310 -10.962488 -13.773694 80.367293 2.461456 10.130284 -9.114692 -10.689322 -6.740415 -7.183755
6 -0.022465 -23.498258 -3.927177 -8.442146 -15.832508 102.866660 -6.466022 2.882059 2.853824 -26.710833 -13.292370 -10.410762
6 5.370273 -13.084675 -22.249023 -12.926855 -25.757928 110.632126 6.370315 6.344354 -14.281645 -10.851521 -19.642377 -9.923043
6 5.370273 -13.084675 -22.249023 -12.926855 -25.757928 110.632126 6.370315 6.344354 -14.281645 -10.851521 -19.642377 -9.923043
6 -11.750135 -14.495752 -18.961167 4.265230 -35.158339 104.962086 3.848712 4.642888 4.772755 -32.510456 -6.067511 -3.548310
6 -11.750135 -14.495752 -18.961167 4.265230 -35.158339 104.962086 3.848712 4.642888 4.772755 -32.510456 -6.067511 -3.548310
6 -0.383651 -21.112094 -11.991611 -3.880799 -17.825792 105.823811 -8.330249 5.894334 5.585132 -29.781989 -11.622332 -12.374758
6 -11.750135 -14.495752 -18.961167 4.265230 -35.158339 104.962086 3.848712 4.642888 4.772755 -32.510456 -6.067511 -3.548310
6 -4.044496 -5.913600 7.032167 -22.189006 -22.456805 99.406818 6.570527 5.485831 -29.520962 -8.702315 -3.655618 -22.012540
6 5.323181 -7.024209 2.684111 -17.300701 -22.446887 83.686570 9.411657 9.948048 -26.644368 -10.422499 -6.237463 -20.977437
6 5.370273 -13.084675 -22.249023 -12.926855 -25.757928 110.632126 6.370315 6.344354 -14.281645 -10.851521 -19.642377 -9.923043
6 5.349856 -17.077523 -16.322577 -6.004612 -30.804262 90.542522 4.664735 -0.463942 -11.563692 0.914034 -11.145808 -8.088729
6 0.464792 -14.449765 -12.320331 -11.360449 -23.411753 103.673645 3.614626 4.226418 -28.144430 -4.496544 -3.531271 -14.264937
6 -1.051234 -19.357213 -9.078912 -4.703335 -15.625685 106.795388 -13.223121 6.713173 0.234640 -28.304472 -10.838147 -11.561078
6 5.489515 -19.495019 -9.061972 -8.904285 -24.572299 80.805743 -2.592857 5.727728 -9.643705 2.737121 -9.692375 -10.797593
6 4.117614 -21.898382 -25.643673 2.061907 -23.581395 105.964958 5.317280 5.779459 -9.873991 -10.485208 -15.027065 -16.731501
6 -0.383651 -21.112094 -11.991611 -3.880799 -17.825792 105.823811 -8.330249 5.894334 5.585132 -29.781989 -11.622332 -12.374758
6 -5.584462 -14.316803 -2.551663 -15.169745 -26.724210 102.511459 2.738414 1.320766 -24.092740 -0.314213 1.865308 -19.682108
6 -16.505691 -2.812871 -2.159483 -6.856114 -21.596689 41.298480 18.179071 25.895692 -11.397081 0.428970 8.205837 -32.680118
7 -14.945202 -2.897814 2.212238 -15.149603 -29.811876 2.416849 102.695100 -1.581889 -2.474306 -10.100509 -6.256122 -24.106864
7 9.079627 -30.084598 -26.357469 -0.338006 -29.638092 9.910870 109.237972 -23.667757 9.569622 -7.145037 -5.558393 -15.008737
7 3.715857 -37.663306 -7.423397 -8.769426 -19.923851 3.801582 102.890244 -19.142768 3.510590 -7.231738 1.271973 -15.035757
7 -9.631341 -1.627445 -33.107476 -1.912857 -36.254211 19.977829 91.791167 2.597358 3.638711 -7.411119 -4.821563 -23.239050
7 -2.936687 -10.237814 -1.547191 -25.402008 -20.295962 -1.927997 98.026221 -1.471131 -5.828558 -3.036646 -1.827532 -23.514695
7 -2.568803 -1.210342 -21.019715 -9.244693 -35.393772 2.235797 101.774522 2.057103 1.634292 -9.565268 -4.314448 -24.384670
7 3.684374 -36.404458 -4.949445 -4.573797 -22.829332 -2.952566 106.069008 -16.685149 -0.876438 -8.018843 -0.212041 -12.251310
7 -6.759890 -3.963498 -2.684325 -17.497190 -31.635429 4.494581 105.770831 -11.944491 0.337510 -10.548507 -7.374764 -18.194828
7 -4.365010 -25.275522 7.539101 -20.360976 -23.247139 -3.026802 106.756265 -0.730265 -19.854298 -9.090815 2.005317 -10.349854
8 2.490768 -18.687977 -15.267358 -12.020457 -23.020065 8.213279 -4.237755 108.056101 -8.123579 -24.163235 -4.562591 -8.677127
8 -12.077711 -8.416674 1.209076 -37.312740 -5.463098 -2.635308 1.009434 100.931647 -17.449358 0.690524 0.598575 -21.084364
8 -11.983524 -4.100168 6.300883 -34.687739 -20.084729 0.193639 6.271298 106.244198 -22.952436 -7.438356 -3.016912 -14.746150
8 -6.078792 -16.865150 -25.262333 -6.246896 -20.518064 13.342497 -13.844763 113.434251 7.102945 -18.087399 -21.995627 -4.980665
8 -13.060717 -2.193226 4.518500 -40.420017 -15.135330 4.484386 0.338010 104.752192 -17.775110 -2.721033 -4.312715 -18.474936
6 12.255996 -21.389423 -11.821648 -3.367640 -19.175634 81.164349 9.208236 -19.142604 -3.875440 2.405614 -6.025030 -20.236774
8 -6.166705 -16.563329 -26.506657 -0.956300 -22.182301 13.685234 -15.715992 113.356644 8.314472 -18.121776 -21.345046 -7.798242
8 -6.078792 -16.865150 -25.262333 -6.246896 -20.518064 13.342497 -13.844763 113.434251 7.102945 -18.087399 -21.995627 -4.980665
8 15.101964 -15.553384 -14.823925 -11.111360 -22.353856 15.104400 7.859138 75.309222 -22.477421 -1.182593 -1.916775 -23.955406
8 7.950616 -3.536515 -29.137200 -27.491987 -21.373565 56.831534 -4.585637 57.225052 -19.633554 -2.453213 -14.522182 0.726652
8 -5.796695 -1.250873 -12.742816 -26.898962 -26.246195 37.180154 21.103781 59.948064 -25.975673 -2.342817 -8.994336 -7.983630
8 2.958341 -9.691285 -22.049473 -18.286870 -21.950972 5.109508 -2.231996 104.850196 4.647865 -24.881933 -13.929888 -4.543491
8 4.769011 -12.622491 -28.620371 -9.124793 -20.178360 1.018843 -7.702006 112.829677 10.242798 -22.445549 -18.944094 -9.222663
6 -2.440871 1.312882 -35.684611 -13.877499 -19.118882 76.952080 -5.341481 41.318426 -21.419557 -11.960608 -9.367066 -0.372810
8 4.769011 -12.622491 -28.620371 -9.124793 -20.178360 1.018843 -7.702006 112.829677 10.242798 -22.445549 -18.944094 -9.222663
8 8.457375 -9.152176 -28.476075 -11.650210 -23.339981 8.962948 -7.868090 105.240718 8.548283 -25.330419 -16.919647 -8.472722
6 17.719893 -22.602648 -11.447028 -1.123028 -26.203758 79.964388 11.627116 -19.018271 -10.380148 1.551951 -1.755407 -18.333057
8 -6.166705 -16.563329 -26.506657 -0.956300 -22.182301 13.685234 -15.715992 113.356644 8.314472 -18.121776 -21.345046 -7.798242
6 20.048247 -10.469588 -23.154054 -11.208643 -32.909832 94.082979 16.800080 -30.839994 -8.776148 4.170281 -9.808570 -7.934758
6 -5.996982 -4.539532 9.865254 -16.720145 -28.681607 93.019318 13.479987 -19.966275 -22.484453 -0.625169 -4.335026 -13.015367
8 -10.063260 -3.296026 -3.411292 -38.912063 -11.583104 -11.300732 2.497508 104.229803 -6.791119 0.065784 -3.096385 -18.339114
8 6.425396 -11.087084 -22.537477 -23.874803 -15.746676 6.592813 -0.853444 103.222477 -14.625376 -3.618590 -11.160623 -12.736610
8 4.769011 -12.622491 -28.620371 -9.124793 -20.178360 1.018843 -7.702006 112.829677 10.242798 -22.445549 -18.944094 -9.222663
8 12.522528 -10.566933 -6.247398 -14.929896 -21.273565 18.287188 9.413516 71.965509 -17.047614 -13.103982 -3.592131 -25.427221
8 2.106689 -9.340425 7.759785 -15.767205 -19.403568 8.183398 8.140011 49.702012 -9.316801 7.719050 5.953698 -35.736642
8 -13.967778 1.272254 3.392053 -34.638885 -13.236303 3.149953 -5.663567 103.469381 -10.601403 -6.423261 -4.660141 -22.092301
6 5.201848 -9.591225 -13.144208 -23.004513 -24.735471 76.304454 0.608071 40.061429 -25.119226 -6.101687 -9.723483 -10.755987
9 9.258915 -33.351990 10.480278 2.851891 -9.332136 4.743338 -2.468752 -45.442749 118.843209 -10.593851 -25.732409 -19.255741
9 -1.713848 -29.071456 2.780178 -3.169984 -11.272260 1.329652 -1.919618 4.057175 104.262368 -22.391734 -30.944815 -11.945656
9 -4.732568 -28.877654 -3.800649 8.418568 -7.446746 8.579227 3.418473 -9.265116 108.766890 -27.366312 -28.886615 -18.807495
9 -11.548264 -30.446134 10.446180 1.644287 -8.548483 12.490764 -16.094427 -11.086983 112.482412 -9.700937 -29.487111 -20.151301
9 -11.548264 -30.446134 10.446180 1.644287 -8.548483 12.490764 -16.094427 -11.086983 112.482412 -9.700937 -29.487111 -20.151301
9 -11.548264 -30.446134 10.446180 1.644287 -8.548483 12.490764 -16.094427 -11.086983 112.482412 -9.700937 -29.487111 -20.151301
9 -4.994077 -25.137833 5.043102 -2.636689 -6.915816 4.871337 4.522068 -15.639948 104.756372 -31.140277 -21.053107 -11.675129
9 -1.713848 -29.071456 2.780178 -3.169984 -11.272260 1.329652 -1.919618 4.057175 104.262368 -22.391734 -30.944815 -11.945656
9 -8.269552 -25.810486 -2.161643 -1.316714 -6.627197 -1.501755 -5.816491 8.505534 108.542990 -21.788731 -27.217159 -16.538795
9 12.623211 -23.656703 6.148159 -23.613092 -13.605765 12.607084 -1.571250 12.507997 54.198954 -18.009839 -11.344217 -6.284538
9 2.308653 -30.100588 2.387970 -1.267461 -10.386333 -0.297131 -2.202945 2.378258 102.636621 -20.636369 -28.057397 -16.763277
9 0.558754 -27.818486 6.264460 14.195846 -19.512776 15.705202 10.000073 -53.686155 119.656727 -8.952536 -31.065737 -25.345370
9 0.099415 -33.675317 -1.208263 -5.180444 -0.194372 -0.178879 -1.231156 -0.223747 99.756905 -22.834606 -20.370339 -14.759195
9 -8.269552 -25.810486 -2.161643 -1.316714 -6.627197 -1.501755 -5.816491 8.505534 108.542990 -21.788731 -27.217159 -16.538795
9 -1.713848 -29.071456 2.780178 -3.169984 -11.272260 1.329652 -1.919618 4.057175 104.262368 -22.391734 -30.944815 -11.945656
9 10.774408 -37.875177 11.306839 -0.777046 -10.885986 -6.010793 -3.414182 -26.237753 113.100628 -4.253306 -27.726334 -18.001296
9 -4.732568 -28.877654 -3.800649 8.418568 -7.446746 8.579227 3.418473 -9.265116 108.766890 -27.366312 -28.886615 -18.807495
9 2.308653 -30.100588 2.387970 -1.267461 -10.386333 -0.297131 -2.202945 2.378258 102.636621 -20.636369 -28.057397 -16.763277
9 1.420033 -27.921585 -2.963262 2.412115 -4.135558 -2.630334 -8.322766 3.400714 112.067984 -25.722599 -28.194170 -19.410570
9 -8.269552 -25.810486 -2.161643 -1.316714 -6.627197 -1.501755 -5.816491 8.505534 108.542990 -21.788731 -27.217159 -16.538795
9 1.550724 -33.004313 13.285092 12.938403 -18.674199 -4.254597 12.284867 -6.587267 72.946162 -35.345852 -9.950034 -5.188984
9 -8.269552 -25.810486 -2.161643 -1.316714 -6.627197 -1.501755 -5.816491 8.505534 108.542990 -21.788731 -27.217159 -16.538795
9 1.420033 -27.921585 -2.963262 2.412115 -4.135558 -2.630334 -8.322766 3.400714 112.067984 -25.722599 -28.194170 -19.410570
9 13.923160 -36.952084 13.982251 2.502905 -9.508453 -2.057043 -3.125542 -34.210495 112.781749 -10.242695 -25.617687 -21.476063
9 -3.317590 -28.037038 -1.098043 -5.179134 -4.075334 -7.864231 -4.819596 -12.644617 111.121237 -7.769456 -25.453303 -10.862893
9 1.119946 -37.566709 7.760316 -0.367161 -4.913616 -3.507427 -5.378100 -31.022439 118.516816 -1.653393 -27.077639 -15.910591
9 8.279838 -29.151808 8.373399 7.383598 -17.968833 7.547989 4.185703 -22.238512 101.063540 -18.851705 -23.688052 -24.935155
9 -0.400605 -7.805118 -2.306939 -0.508027 -13.071215 -23.466003 -0.810724 -0.192001 99.364170 -19.070904 -12.896931 -18.835699
9 13.942774 -36.549835 12.607712 -4.902989 -6.159116 -26.043846 13.831167 -1.994469 85.667889 -26.220722 -16.248166 -7.930397
9 1.420033 -27.921585 -2.963262 2.412115 -4.135558 -2.630334 -8.322766 3.400714 112.067984 -25.722599 -28.194170 -19.410570
9 -4.732568 -28.877654 -3.800649 8.418568 -7.446746 8.579227 3.418473 -9.265116 108.766890 -27.366312 -28.886615 -18.807495
9 -16.980459 -17.959108 -4.022812 -2.424787 -0.145196 11.112182 6.414142 -31.924982 109.935625 -23.534156 -23.704563 -6.765884
9 -7.131706 -35.484935 3.287800 2.922474 2.633558 2.355240 3.322114 -11.336501 103.843505 -29.243608 -12.008847 -23.159093
9 -3.711554 -27.212724 4.211594 15.825574 -9.777016 11.011807 12.996492 -60.484442 116.018854 -14.944815 -25.767138 -18.166628
9 6.418977 -34.908208 6.347274 2.218878 -9.966097 3.036830 -0.740352 -46.377169 130.403636 -6.432096 -29.304548 -20.697122
9 -11.548264 -30.446134 10.446180 1.644287 -8.548483 12.490764 -16.094427 -11.086983 112.482412 -9.700937 -29.487111 -20.151301
9 -7.131706 -35.484935 3.287800 2.922474 2.633558 2.355240 3.322114 -11.336501 103.843505 -29.243608 -12.008847 -23.159093
9 -7.131706 -35.484935 3.287800 2.922474 2.633558 2.355240 3.322114 -11.336501 103.843505 -29.243608 -12.008847 -23.159093
9 -7.131706 -35.484935 3.287800 2.922474 2.633558 2.355240 3.322114 -11.336501 103.843505 -29.243608 -12.008847 -23.159093
9 1.420033 -27.921585 -2.963262 2.412115 -4.135558 -2.630334 -8.322766 3.400714 112.067984 -25.722599 -28.194170 -19.410570
9 0.238408 -31.797523 7.113013 13.807899 -14.382000 14.578986 6.762503 -47.050926 114.260265 -9.465832 -27.123226 -26.941566
9 2.308653 -30.100588 2.387970 -1.267461 -10.386333 -0.297131 -2.202945 2.378258 102.636621 -20.636369 -28.057397 -16.763277
9 6.594794 -26.696116 -0.611830 -5.282893 -8.337969 -1.578011 -4.954462 6.585099 85.481937 -19.153921 -16.128755 -15.917871
9 -7.228651 -41.735506 25.845520 8.866938 -5.764512 25.666266 -1.189392 -16.948839 68.115574 -32.660336 -6.912933 -16.054126
9 6.930481 -34.071993 6.940773 -8.152860 -3.379242 -11.724617 -4.787130 6.589777 98.341564 -19.141496 -24.088941 -13.456312
9 -1.713848 -29.071456 2.780178 -3.169984 -11.272260 1.329652 -1.919618 4.057175 104.262368 -22.391734 -30.944815 -11.945656
9 -4.732568 -28.877654 -3.800649 8.418568 -7.446746 8.579227 3.418473 -9.265116 108.766890 -27.366312 -28.886615 -18.807495
9 -7.626758 -29.013027 7.418665 10.474625 -4.648945 12.143442 5.396313 -51.392147 116.106144 -22.634627 -23.014622 -13.209061
9 1.878291 -27.458511 17.903357 14.175163 -20.429656 5.250452 14.937917 -57.495814 118.010665 -9.386863 -31.099423 -26.285576
9 2.308653 -30.100588 2.387970 -1.267461 -10.386333 -0.297131 -2.202945 2.378258 102.636621 -20.636369 -28.057397 -16.763277
10 -19.219835 5.008307 -15.025110 2.150056 -2.384734 -20.619741 -5.738439 -1.650233 -57.254396 104.900056 5.007150 4.826922
10 -18.489873 -2.125271 -14.209789 -2.504166 0.374664 -17.070586 -9.652713 -0.933457 -52.870702 109.482116 5.362057 2.637722
10 -17.246329 6.404969 -24.653367 6.425830 6.611592 -7.552049 -12.755185 -4.259616 -39.405439 87.821079 5.930422 -7.321907
10 -14.372302 1.376437 -13.567429 -10.796779 6.852622 -24.027368 -8.163862 4.567708 -53.674123 108.356493 3.093412 0.355193
10 -16.148081 -1.841161 -16.872323 -4.912358 5.309857 -17.987841 -7.452978 -0.980648 -55.891029 110.461008 4.289931 2.025625
10 -15.295726 3.071754 -15.940958 -5.675997 3.362864 -23.422445 -5.523134 0.274540 -55.458859 111.964275 0.594033 2.049655
10 -14.231908 0.646528 -15.041600 -0.464411 2.423075 -17.957660 -5.842527 2.133442 -55.096936 102.351863 2.510234 -1.430098
10 -13.634914 8.123539 -11.237831 -5.808475 1.122812 -20.015234 -4.896080 6.632530 -68.318658 92.022705 7.928416 8.081192
10 -15.877522 6.329010 -9.856498 -9.352001 5.149469 -21.975443 -2.690088 2.636468 -57.290426 94.922043 6.033566 1.971425
10 -14.009627 -3.480408 -19.300318 -6.248987 9.012898 -20.634259 -7.422663 0.150542 -44.860213 109.266496 -0.127558 -2.345900
11 -6.254504 0.672628 -12.289136 -9.432176 -2.800170 10.167663 -1.689081 -22.518427 -77.447443 2.189368 109.540539 9.860741
11 -3.162243 1.141093 -7.597084 -9.282892 4.091153 -4.909080 2.380816 -9.454227 -90.615361 7.764669 110.895067 -1.251909
11 -3.987325 4.284420 -6.427510 -5.938136 4.217086 -3.609849 1.350643 -9.251012 -90.631905 2.935095 104.198068 2.860428
11 -11.087146 6.361476 -29.941569 -13.803528 0.905353 5.399243 2.118951 2.139328 -53.625473 6.485505 85.076593 -0.028729
11 -7.518974 3.865687 -12.402110 -7.602235 3.561689 -12.869607 3.645033 -0.698028 -73.536346 4.076657 103.137535 -3.659300
11 -1.216865 4.040335 -2.393252 -5.653356 3.955070 -2.308218 0.740125 -12.936722 -91.289957 -1.984227 104.441923 4.605147
11 -5.233493 -4.739942 -10.265348 -8.783110 -1.633192 -0.004007 -1.419591 -9.370095 -87.140810 12.219672 111.989687 4.380231
11 -2.947209 -1.057651 2.397110 2.121389 2.264957 2.334758 2.097892 -13.514162 -94.819217 1.476321 102.094829 -2.449015
12 -6.078342 -14.296596 -30.590020 8.841820 3.134885 -18.355896 -14.499233 -24.555063 -21.882102 4.280026 6.701391 107.299131
12 -0.855032 -21.111730 -13.301134 18.285142 -4.502026 -16.581688 -30.830768 -19.924212 -25.074121 6.449557 -0.330396 107.776409
12 -13.829038 -27.416319 -11.188331 -1.337251 16.494698 -28.080610 -8.229372 -17.462653 -30.171652 6.994498 14.825516 99.400515
12 -14.484465 -16.298856 -4.791418 2.579448 6.820064 -20.936821 -24.009176 -18.179576 -29.855364 6.383142 6.443745 106.329280
12 -4.353255 -25.478854 -18.200777 13.780051 -0.589490 -9.111619 -29.642329 -19.699075 -32.057827 10.836653 3.856504 110.660019
12 -5.994145 -22.813650 -21.997674 3.230209 5.339199 -20.954994 -19.344672 -21.604149 -31.600365 8.674260 9.415969 117.650013
12 -4.955184 -24.372116 -22.658040 5.312622 6.241908 -21.119836 -17.363850 -19.770038 -30.127788 9.876411 9.008614 109.927299
12 -5.265780 -28.819193 -15.868631 8.341793 4.737570 -24.831702 -21.089136 -17.372197 -27.290040 9.270183 8.688116 109.499019
12 -6.030468 -24.711150 -20.749271 9.344402 2.575202 -25.224505 -25.866087 -19.822980 -18.245533 9.338472 4.013854 115.378066
